153449,174328,14135,-0.031,-0.922,-0.314,-1.159,0.244,0.549,480.198
153464,174275,13990,-0.031,-0.921,-0.306,0.854,0.305,0.549,480.201
153464,174331,14135,-0.031,-0.917,-0.293,0.854,0.305,0.549,480.208
153460,174531,13990,-0.031,-0.914,-0.278,3.659,0.549,0.427,480.211
153460,174352,14145,-0.03,-0.917,-0.275,3.659,0.549,0.427,480.217
153479,174275,13990,-0.031,-0.918,-0.278,3.415,0.671,0.427,480.221
153479,174328,14141,-0.03,-0.918,-0.273,3.415,0.671,0.427,480.227
153477,174531,13990,-0.028,-0.916,-0.267,1.402,0.549,0.488,480.231
153477,174342,14134,-0.03,-0.92,-0.269,1.402,0.549,0.488,480.237
153445,174275,13990,-0.03,-0.92,-0.274,-0.854,0.366,0.366,480.241
153445,174329,14137,-0.028,-0.922,-0.274,-0.854,0.366,0.366,480.247
153416,174275,13990,-0.029,-0.922,-0.287,-2.866,0.305,0.488,480.251
153416,174304,14139,-0.029,-0.922,-0.293,-2.866,0.305,0.488,480.257
153386,174275,13990,-0.031,-0.924,-0.29,-3.232,0.122,0.671,480.261
153386,174304,14141,-0.031,-0.919,-0.29,-3.232,0.122,0.671,480.267
153365,174275,13990,-0.031,-0.92,-0.296,-2.5,0.122,0.793,480.271
153365,174249,14127,-0.03,-0.924,-0.302,-2.5,0.122,0.793,480.277
153400,174275,13990,-0.033,-0.922,-0.298,-1.768,0.244,0.854,480.281
153400,174294,14125,-0.032,-0.92,-0.292,-1.768,0.244,0.854,480.287
153378,174275,13990,-0.031,-0.92,-0.298,-0.366,0.427,0.671,480.29
153378,174260,14133,-0.034,-0.921,-0.307,-0.366,0.427,0.671,480.297
153450,174275,13990,-0.033,-0.919,-0.3,0.854,0.549,0.244,480.3
153450,174292,14128,-0.032,-0.916,-0.286,0.854,0.549,0.244,480.307
153465,174275,13990,-0.033,-0.912,-0.278,2.195,0.61,0.061,480.31
153465,174327,14146,-0.03,-0.917,-0.282,2.195,0.61,0.061,480.316
153497,174531,13990,-0.03,-0.917,-0.282,2.195,0.61,0.061,480.32
153497,174336,14140,-0.031,-0.92,-0.278,1.646,0.61,-0.061,480.326
153544,174531,13990,-0.031,-0.92,-0.278,1.646,0.61,-0.061,480.33
153544,174412,14140,-0.033,-0.922,-0.27,0.671,0.549,-0.122,480.336
153572,174531,13990,-0.033,-0.922,-0.27,0.671,0.549,-0.122,480.34
153572,174386,14154,-0.03,-0.92,-0.291,-0.915,0.488,0.061,480.346
153599,174531,13990,-0.03,-0.92,-0.291,-0.915,0.488,0.061,480.35
153599,174407,14160,-0.027,-0.921,-0.286,-1.829,0.427,0.122,480.356
153568,174531,13990,-0.027,-0.921,-0.286,-1.829,0.427,0.122,480.36
153568,174416,14142,-0.032,-0.921,-0.296,-0.915,0.305,0.305,480.366
153530,174531,13990,-0.032,-0.921,-0.296,-0.915,0.305,0.305,480.37
153530,174380,14152,-0.031,-0.917,-0.293,-0.854,0.366,0.427,480.376
153511,174531,13990,-0.031,-0.917,-0.293,-0.854,0.366,0.427,480.38
153511,174352,14142,-0.032,-0.917,-0.286,0,0.427,0.366,480.386
153507,174531,13990,-0.032,-0.917,-0.286,0,0.427,0.366,480.389
153507,174374,14140,-0.032,-0.916,-0.266,0.183,0.427,0.244,480.396
153561,174531,13990,-0.032,-0.916,-0.266,0.183,0.427,0.244,480.399
153561,174400,14150,-0.032,-0.916,-0.279,-1.585,0.366,0.366,480.406
153572,174531,13990,-0.032,-0.916,-0.279,-1.585,0.366,0.366,480.409
153572,174423,14155,-0.03,-0.925,-0.298,-4.146,0.305,0.244,480.415
153658,174531,13990,-0.03,-0.925,-0.298,-4.146,0.305,0.244,480.419
153658,174451,14159,-0.029,-0.922,-0.299,-4.573,0.061,-0.122,480.425
153667,174531,13990,-0.029,-0.922,-0.299,-4.573,0.061,-0.122,480.429
153667,174467,14169,-0.028,-0.92,-0.306,-3.232,0,-0.061,480.435
153637,174531,13990,-0.028,-0.92,-0.306,-3.232,0,-0.061,480.439
153637,174416,14180,-0.027,-0.917,-0.299,-1.951,0.122,0.122,480.445
153661,174531,13990,-0.027,-0.917,-0.299,-1.951,0.122,0.122,480.449
153661,174441,14164,-0.029,-0.922,-0.302,-0.366,0.305,0.244,480.455
153594,174531,13990,-0.029,-0.922,-0.302,-0.366,0.305,0.244,480.459
153594,174414,14168,-0.031,-0.921,-0.29,0.793,0.549,0.305,480.465
153615,174531,13990,-0.031,-0.919,-0.285,0.793,0.549,0.305,480.469
153615,174418,14157,-0.029,-0.917,-0.28,1.037,0.427,0.244,480.475
153670,174531,13990,-0.03,-0.918,-0.277,1.037,0.427,0.244,480.479
153670,174441,14161,-0.03,-0.92,-0.277,-0.061,0.366,0.366,480.485
153721,174531,13990,-0.031,-0.918,-0.281,-0.061,0.366,0.366,480.488
153721,174503,14175,-0.028,-0.921,-0.29,-1.646,0.366,0.305,480.495
153797,174531,13990,-0.029,-0.918,-0.296,-1.646,0.366,0.305,480.498
153797,174541,14197,-0.029,-0.919,-0.29,-2.073,0.183,0.366,480.505
153826,174531,13990,-0.028,-0.919,-0.294,-2.073,0.183,0.366,480.508
153826,174582,14179,-0.031,-0.925,-0.302,-1.524,0.183,0.549,480.514
153801,174531,13990,-0.03,-0.921,-0.301,-1.524,0.183,0.549,480.518
153801,174545,14189,-0.033,-0.915,-0.294,-0.488,0.244,0.488,480.524
153760,174531,13990,-0.033,-0.917,-0.292,-0.488,0.244,0.488,480.528
153760,174519,14194,-0.032,-0.919,-0.3,0.244,0.366,0.427,480.534
153710,174531,13990,-0.031,-0.92,-0.302,0.244,0.366,0.427,480.538
153710,174496,14173,-0.031,-0.918,-0.292,0.671,0.427,0.366,480.544
153666,174531,13990,-0.03,-0.917,-0.281,0.671,0.427,0.366,480.548
153666,174458,14167,-0.028,-0.917,-0.279,0.854,0.488,0.183,480.554
153699,174531,13990,-0.03,-0.917,-0.277,0.854,0.488,0.183,480.558
153699,174480,14167,-0.028,-0.917,-0.281,-0.366,0.305,0.305,480.564
153722,174531,13990,-0.029,-0.918,-0.286,-0.366,0.305,0.305,480.568
153722,174501,14188,-0.029,-0.919,-0.295,-2.256,0.305,0.488,480.574
153788,174531,13990,-0.028,-0.922,-0.299,-2.256,0.305,0.488,480.578
153788,174558,14193,-0.027,-0.921,-0.296,-2.195,0.305,0.549,480.584
153838,174787,13990,-0.029,-0.92,-0.299,-2.195,0.305,0.549,480.587
153838,174613,14190,-0.031,-0.921,-0.302,-1.159,0.122,0.671,480.594
153913,174787,13990,-0.031,-0.922,-0.302,-1.159,0.122,0.671,480.597
153913,174595,14200,-0.033,-0.92,-0.302,0.244,0.244,0.793,480.603
153891,174531,13990,-0.033,-0.917,-0.293,0.244,0.244,0.793,480.607
153891,174567,14193,-0.033,-0.916,-0.291,1.524,0.427,0.427,480.613
153868,174531,13990,-0.033,-0.914,-0.284,1.524,0.427,0.427,480.617
153868,174581,14184,-0.033,-0.917,-0.273,1.524,0.549,0.244,480.623
153820,174531,13990,-0.03,-0.919,-0.284,1.524,0.549,0.244,480.627
153820,174533,14179,-0.032,-0.923,-0.291,0,0.488,0.122,480.633
153795,174531,13990,-0.03,-0.92,-0.275,0,0.488,0.122,480.637
153795,174513,14172,-0.027,-0.917,-0.272,-1.098,0.427,0.122,480.643
153735,174531,13990,-0.031,-0.918,-0.288,-1.098,0.427,0.122,480.647
153735,174496,14189,-0.028,-0.921,-0.297,-2.5,0.488,0.122,480.653
153768,174531,13990,-0.029,-0.922,-0.294,-2.5,0.488,0.122,480.657
153768,174489,14178,-0.03,-0.92,-0.3,-2.195,0.366,0.122,480.663
153759,174531,13990,-0.026,-0.923,-0.308,-2.195,0.366,0.122,480.667
153759,174490,14185,-0.027,-0.918,-0.31,-0.793,0.305,0.305,480.673
153715,174531,13990,-0.029,-0.918,-0.309,-0.793,0.305,0.305,480.677
153715,174446,14177,-0.029,-0.917,-0.3,1.463,0.366,0.61,480.683
153667,174531,13990,-0.028,-0.914,-0.296,1.463,0.366,0.61,480.686
153667,174423,14154,-0.033,-0.917,-0.288,2.866,0.366,0.671,480.693
153628,174531,13990,-0.034,-0.92,-0.286,2.866,0.366,0.671,480.696
153628,174375,14155,-0.032,-0.917,-0.278,2.378,0.427,0.61,480.703
153584,174531,13990,-0.033,-0.917,-0.272,2.378,0.427,0.61,480.706
153584,174366,14147,-0.031,-0.917,-0.278,0.732,0.488,0.366,480.712
153550,174531,13990,-0.033,-0.918,-0.284,0.732,0.488,0.366,480.716
153550,174373,14150,-0.028,-0.92,-0.288,-1.037,0.366,0.305,480.722
153555,174531,13990,-0.029,-0.915,-0.288,-1.037,0.366,0.305,480.726
153555,174337,14140,-0.031,-0.915,-0.29,-1.463,0.244,0.305,480.732
153582,174531,13990,-0.028,-0.92,-0.292,-1.463,0.244,0.305,480.736
153582,174408,14149,-0.028,-0.92,-0.297,-1.341,0.244,0.427,480.742
153609,174531,13990,-0.03,-0.922,-0.302,-1.341,0.244,0.427,480.746
153609,174419,14154,-0.031,-0.922,-0.301,-0.976,0.366,0.427,480.752
153631,174531,13990,-0.033,-0.917,-0.294,-0.976,0.366,0.427,480.756
153631,174416,14145,-0.03,-0.914,-0.284,0.366,0.488,0.366,480.762
153590,174531,13990,-0.031,-0.918,-0.289,0.366,0.488,0.366,480.766
153590,174397,14159,-0.034,-0.921,-0.303,0.549,0.549,0.366,480.772
153559,174531,13990,-0.032,-0.922,-0.296,0.549,0.549,0.366,480.776
153559,174338,14142,-0.03,-0.922,-0.288,0.854,0.61,0.305,480.782
153512,174275,13990,-0.031,-0.919,-0.284,0.854,0.61,0.305,480.785
153512,174324,14126,-0.031,-0.92,-0.287,1.22,0.488,0.183,480.792
153542,174275,13990,-0.03,-0.917,-0.293,1.22,0.488,0.183,480.795
153542,174331,14122,-0.03,-0.918,-0.289,0.488,0.488,0.122,480.802
153521,174275,13990,-0.028,-0.918,-0.284,0.488,0.488,0.122,480.805
153521,174326,14136,-0.027,-0.918,-0.283,0.122,0.366,0.122,480.811
153590,174531,13990,-0.026,-0.918,-0.286,0.122,0.366,0.122,480.815
153590,174364,14142,-0.027,-0.917,-0.287,-0.549,0.244,0.305,480.821
153599,174531,13990,-0.028,-0.917,-0.285,-0.549,0.244,0.305,480.825
153599,174382,14138,-0.026,-0.919,-0.286,-1.22,0.183,0.427,480.831
153596,174531,13990,-0.027,-0.921,-0.284,-1.22,0.183,0.427,480.835
153596,174374,14157,-0.03,-0.919,-0.298,-1.585,0.244,0.488,480.841
153573,174531,13990,-0.03,-0.917,-0.3,-1.585,0.244,0.488,480.845
153573,174367,14145,-0.029,-0.917,-0.299,-1.098,0.366,0.488,480.851
153538,174531,13990,-0.033,-0.921,-0.299,-1.098,0.366,0.488,480.855
153538,174362,14141,-0.031,-0.923,-0.296,0.244,0.366,0.488,480.861
153544,174275,13990,-0.031,-0.919,-0.294,0.244,0.366,0.488,480.865
153544,174304,14141,-0.032,-0.918,-0.291,0.976,0.427,0.427,480.871
153540,174531,13990,-0.031,-0.918,-0.285,0.976,0.427,0.427,480.875
153540,174353,14157,-0.034,-0.918,-0.276,1.22,0.549,0.244,480.881
153608,174531,13990,-0.033,-0.918,-0.28,1.22,0.549,0.244,480.884
153608,174355,14138,-0.031,-0.92,-0.288,0.183,0.61,0.122,480.891
153612,174531,13990,-0.029,-0.922,-0.282,0.183,0.61,0.122,480.894
153612,174383,14161,-0.03,-0.916,-0.272,-0.793,0.488,0.061,480.901
153642,174531,13990,-0.03,-0.916,-0.272,-0.793,0.488,0.061,480.904
153642,174396,14155,-0.03,-0.924,-0.294,-2.012,0.366,0.122,480.91
153618,174531,13990,-0.03,-0.924,-0.294,-2.012,0.366,0.122,480.914
153618,174368,14155,-0.026,-0.92,-0.293,-2.805,0.305,0.061,480.92
153572,174531,13990,-0.026,-0.92,-0.293,-2.805,0.305,0.061,480.924
153572,174368,14158,-0.029,-0.919,-0.301,-2.378,0.305,0.183,480.93
153550,174275,13990,-0.029,-0.919,-0.301,-2.378,0.305,0.183,480.934
153550,174335,14141,-0.027,-0.915,-0.297,-1.22,0.305,0.244,480.94
153550,174531,13990,-0.027,-0.915,-0.297,-1.22,0.305,0.244,480.944
153550,174348,14148,-0.029,-0.921,-0.308,-0.366,0.305,0.427,480.95
153617,174531,13990,-0.029,-0.921,-0.308,-0.366,0.305,0.427,480.954
153617,174391,14162,-0.03,-0.921,-0.295,1.159,0.427,0.305,480.96
153698,174531,13990,-0.03,-0.921,-0.295,1.159,0.427,0.305,480.964
153698,174420,14161,-0.033,-0.915,-0.274,1.89,0.427,0.183,480.97
153728,174531,13990,-0.033,-0.915,-0.274,1.89,0.427,0.183,480.974
153728,174502,14189,-0.031,-0.92,-0.282,-0.061,0.549,0.122,480.98
153776,174531,13990,-0.031,-0.92,-0.282,-0.061,0.549,0.122,480.983
153776,174494,14178,-0.031,-0.917,-0.279,-1.646,0.427,0.061,480.99
153758,174531,13990,-0.031,-0.917,-0.279,-1.646,0.427,0.061,480.993
153758,174528,14175,-0.028,-0.916,-0.293,-2.256,0.244,0,481
153722,174531,13990,-0.028,-0.916,-0.293,-2.256,0.244,0,481.003
153722,174480,14165,-0.029,-0.919,-0.287,-2.012,0.183,0,481.009
153688,174531,13990,-0.029,-0.919,-0.287,-2.012,0.183,0,481.013
153688,174430,14153,-0.029,-0.927,-0.319,-1.524,0.305,0.244,481.019
153659,174531,13990,-0.029,-0.927,-0.319,-1.524,0.305,0.244,481.023
153659,174400,14174,-0.027,-0.916,-0.3,0.549,0.427,0.366,481.029
153660,174531,13990,-0.027,-0.916,-0.3,0.549,0.427,0.366,481.033
153660,174422,14166,-0.029,-0.915,-0.283,2.256,0.427,0.427,481.039
153666,174531,13990,-0.029,-0.915,-0.283,2.256,0.427,0.427,481.043
153666,174437,14172,-0.03,-0.915,-0.275,2.256,0.427,0.427,481.049
153687,174531,13990,-0.03,-0.918,-0.282,0.793,0.427,0.549,481.053
153687,174437,14183,-0.031,-0.925,-0.29,0.793,0.427,0.549,481.059
153705,174531,13990,-0.03,-0.921,-0.285,-1.098,0.427,0.366,481.063
153705,174450,14177,-0.032,-0.92,-0.274,-1.098,0.427,0.366,481.069
153734,174531,13990,-0.029,-0.92,-0.272,-1.768,0.305,0.305,481.073
153734,174450,14169,-0.031,-0.922,-0.298,-1.768,0.305,0.305,481.079
153749,174531,13990,-0.031,-0.922,-0.309,-2.927,0.244,0.244,481.082
153749,174444,14170,-0.028,-0.919,-0.306,-2.927,0.244,0.244,481.089
153715,174531,13990,-0.026,-0.917,-0.29,-1.585,0.244,0.183,481.092
153715,174447,14184,-0.03,-0.915,-0.289,-1.585,0.244,0.183,481.099
153693,174531,13990,-0.03,-0.914,-0.299,-0.305,0.244,0.366,481.102
153693,174403,14169,-0.031,-0.917,-0.308,-0.305,0.244,0.366,481.108
153650,174531,13990,-0.028,-0.917,-0.296,0,0.305,0.366,481.112
153650,174396,14166,-0.025,-0.917,-0.287,0,0.305,0.366,481.118
153645,174531,13990,-0.029,-0.916,-0.286,0.732,0.366,0.305,481.122
153645,174364,14173,-0.031,-0.917,-0.288,0.732,0.366,0.305,481.128
153667,174531,13990,-0.031,-0.92,-0.288,-0.122,0.305,0.305,481.132
153667,174400,14166,-0.032,-0.923,-0.296,-0.122,0.305,0.305,481.138
153703,174531,13990,-0.032,-0.92,-0.298,-0.549,0.427,0.305,481.142
153703,174470,14174,-0.031,-0.916,-0.29,-0.549,0.427,0.305,481.148
153754,174531,13990,-0.033,-0.918,-0.283,0,0.427,0.305,481.152
153754,174488,14172,-0.032,-0.922,-0.294,0,0.427,0.305,481.158
153763,174531,13990,-0.03,-0.922,-0.297,-0.671,0.366,0.427,481.162
153763,174471,14165,-0.03,-0.918,-0.291,-0.671,0.366,0.427,481.168
153766,174531,13990,-0.032,-0.915,-0.279,-0.549,0.427,0.488,481.172
153766,174469,14179,-0.03,-0.919,-0.286,-0.549,0.427,0.488,481.178
153725,174531,13990,-0.03,-0.918,-0.305,-0.488,0.305,0.427,481.181
153725,174445,14170,-0.029,-0.922,-0.3,-0.488,0.305,0.427,481.188
153666,174531,13990,-0.03,-0.919,-0.285,-0.183,0.366,0.488,481.191
153666,174435,14159,-0.032,-0.917,-0.282,-0.183,0.366,0.488,481.198
153620,174531,13990,-0.027,-0.916,-0.294,0.183,0.366,0.488,481.201
153620,174368,14151,-0.029,-0.918,-0.299,0.183,0.366,0.488,481.207
153610,174531,13990,-0.031,-0.92,-0.296,-0.488,0.366,0.366,481.211
153610,174363,14160,-0.029,-0.92,-0.289,-0.488,0.366,0.366,481.217
153623,174531,13990,-0.028,-0.917,-0.279,-0.305,0.305,0.366,481.221
153623,174342,14155,-0.031,-0.914,-0.289,-0.305,0.305,0.366,481.227
153653,174531,13990,-0.03,-0.919,-0.309,-1.22,0.427,0.244,481.231
153653,174416,14175,-0.029,-0.922,-0.305,-1.22,0.427,0.244,481.237
153720,174531,13990,-0.03,-0.919,-0.284,-1.159,0.366,0.061,481.241
153720,174428,14176,-0.032,-0.917,-0.281,-1.159,0.366,0.061,481.247
153720,174531,13990,-0.03,-0.92,-0.291,-0.854,0.366,0.061,481.251
153720,174427,14182,-0.028,-0.918,-0.301,-0.854,0.366,0.061,481.257
153731,174531,13990,-0.027,-0.921,-0.298,-1.524,0.305,0.183,481.261
153731,174424,14169,-0.029,-0.918,-0.299,-1.524,0.305,0.183,481.267
153692,174531,13990,-0.027,-0.921,-0.3,-0.488,0.305,0.305,481.271
153692,174376,14168,-0.029,-0.917,-0.295,-0.488,0.305,0.305,481.277
153667,174531,13990,-0.033,-0.921,-0.301,0.427,0.305,0.488,481.28
153667,174351,14158,-0.028,-0.92,-0.303,0.427,0.305,0.488,481.287
153623,174531,13990,-0.026,-0.918,-0.291,1.22,0.366,0.488,481.29
153623,174344,14156,-0.03,-0.921,-0.289,1.22,0.366,0.488,481.297
153672,174531,13990,-0.035,-0.92,-0.288,1.585,0.366,0.549,481.3
153672,174390,14162,-0.035,-0.916,-0.281,1.585,0.366,0.549,481.306
153719,174531,13990,-0.032,-0.914,-0.273,0.366,0.366,0.549,481.31
153719,174406,14175,-0.032,-0.919,-0.283,0.366,0.366,0.549,481.316
153757,174531,13990,-0.032,-0.917,-0.289,-1.463,0.427,0.244,481.32
153757,174457,14164,-0.03,-0.918,-0.295,-1.463,0.427,0.244,481.326
153782,174531,13990,-0.032,-0.92,-0.294,-2.5,0.366,0.122,481.33
153782,174431,14189,-0.03,-0.917,-0.296,-2.5,0.366,0.122,481.336
153761,174531,13990,-0.027,-0.922,-0.302,-2.134,0.244,0.183,481.34
153761,174445,14169,-0.027,-0.922,-0.307,-2.134,0.244,0.183,481.346
153676,174531,13990,-0.028,-0.917,-0.307,-1.159,0.366,0.183,481.35
153676,174398,14154,-0.027,-0.919,-0.305,-1.159,0.366,0.183,481.356
153707,174531,13990,-0.025,-0.916,-0.304,0.366,0.427,0.244,481.36
153707,174376,14169,-0.028,-0.914,-0.295,0.366,0.427,0.244,481.366
153628,174531,13990,-0.028,-0.917,-0.292,1.585,0.427,0.549,481.37
153628,174363,14159,-0.026,-0.917,-0.298,1.585,0.427,0.549,481.376
153656,174531,13990,-0.027,-0.917,-0.289,2.012,0.427,0.61,481.379
153656,174361,14174,-0.03,-0.917,-0.274,2.012,0.427,0.61,481.386
153684,174531,13990,-0.031,-0.917,-0.272,1.341,0.366,0.61,481.389
153684,174401,14156,-0.03,-0.919,-0.276,1.341,0.366,0.61,481.396
153688,174531,13990,-0.03,-0.916,-0.28,-1.159,0.366,0.549,481.399
153688,174389,14140,-0.03,-0.919,-0.283,-1.159,0.366,0.549,481.405
153716,174531,13990,-0.031,-0.921,-0.282,-2.866,0.244,0.488,481.409
153716,174385,14165,-0.031,-0.918,-0.292,-2.866,0.244,0.488,481.415
153735,174531,13990,-0.028,-0.922,-0.305,-3.415,0.183,0.305,481.419
153735,174366,14162,-0.031,-0.922,-0.313,-3.415,0.183,0.305,481.425
153723,174531,13990,-0.031,-0.92,-0.311,-2.439,0.244,0.183,481.429
153723,174392,14169,-0.028,-0.916,-0.305,-2.439,0.244,0.183,481.435
153753,174531,13990,-0.028,-0.919,-0.303,-0.183,0.366,0.305,481.439
153753,174414,14168,-0.029,-0.918,-0.306,-0.183,0.366,0.305,481.445
153721,174531,13990,-0.028,-0.915,-0.308,1.22,0.488,0.366,481.449
153721,174400,14165,-0.028,-0.921,-0.297,1.22,0.488,0.366,481.455
153749,174531,13990,-0.029,-0.916,-0.28,2.256,0.488,0.427,481.459
153749,174419,14174,-0.03,-0.915,-0.27,2.256,0.488,0.427,481.465
153734,174531,13990,-0.03,-0.917,-0.277,1.098,0.427,0.488,481.469
153734,174405,14183,-0.031,-0.919,-0.295,1.098,0.427,0.488,481.475
153749,174531,13990,-0.028,-0.922,-0.297,-1.28,0.366,0.244,481.478
153749,174416,14161,-0.029,-0.92,-0.288,-1.28,0.366,0.244,481.485
153745,174531,13990,-0.029,-0.92,-0.283,-1.402,0.366,0.122,481.488
153745,174412,14168,-0.031,-0.917,-0.29,-1.402,0.366,0.122,481.495
153740,174531,13990,-0.031,-0.917,-0.29,-1.402,0.366,0.122,481.498
153740,174391,14163,-0.031,-0.923,-0.315,-1.707,0.427,0.183,481.504
153738,174531,13990,-0.031,-0.923,-0.315,-1.707,0.427,0.183,481.508
153738,174399,14189,-0.028,-0.919,-0.302,-0.671,0.427,0.122,481.514
153742,174531,13990,-0.028,-0.919,-0.302,-0.671,0.427,0.122,481.518
153742,174388,14149,-0.029,-0.918,-0.293,1.707,0.488,0.183,481.524
153709,174531,13990,-0.029,-0.918,-0.293,1.707,0.488,0.183,481.528
153709,174381,14167,-0.026,-0.919,-0.291,2.317,0.488,0.183,481.534
153730,174531,13990,-0.026,-0.919,-0.291,2.317,0.488,0.183,481.538
153730,174389,14159,-0.028,-0.918,-0.287,1.707,0.488,0.122,481.544
153748,174531,13990,-0.028,-0.918,-0.287,1.707,0.488,0.122,481.548
153748,174413,14169,-0.029,-0.917,-0.282,0.976,0.488,0.122,481.554
153778,174531,13990,-0.029,-0.917,-0.282,0.976,0.488,0.122,481.558
153778,174411,14177,-0.025,-0.915,-0.292,-0.366,0.366,0.305,481.564
153831,174531,13990,-0.025,-0.915,-0.292,-0.366,0.366,0.305,481.568
153831,174471,14192,-0.03,-0.918,-0.283,-1.402,0.427,0.488,481.574
153873,174531,13990,-0.03,-0.918,-0.283,-1.402,0.427,0.488,481.577
153873,174461,14189,-0.028,-0.921,-0.292,-1.28,0.305,0.671,481.584
153864,174531,13990,-0.028,-0.921,-0.292,-1.28,0.305,0.671,481.587
153864,174475,14177,-0.031,-0.922,-0.313,-1.646,0.122,0.793,481.594
153831,174531,13990,-0.031,-0.922,-0.313,-1.646,0.122,0.793,481.597
153831,174449,14194,-0.032,-0.914,-0.292,-0.671,0.305,0.671,481.603
153807,174531,13990,-0.032,-0.914,-0.292,-0.671,0.305,0.671,481.607
153807,174396,14167,-0.032,-0.918,-0.294,1.098,0.366,0.488,481.613
153739,174531,13990,-0.032,-0.918,-0.294,1.098,0.366,0.488,481.617
153739,174371,14178,-0.029,-0.917,-0.292,0.976,0.549,0.366,481.623
153751,174531,13990,-0.029,-0.917,-0.292,0.976,0.549,0.366,481.627
153751,174396,14169,-0.03,-0.919,-0.282,0.976,0.549,0.183,481.633
153792,174531,13990,-0.03,-0.919,-0.282,0.976,0.549,0.183,481.637
153792,174417,14182,-0.032,-0.92,-0.284,0.061,0.488,0.061,481.643
153865,174531,13990,-0.03,-0.916,-0.286,0.061,0.488,0.061,481.647
153865,174483,14186,-0.029,-0.919,-0.286,-1.524,0.488,0.122,481.653
153931,174531,13990,-0.027,-0.918,-0.289,-1.524,0.488,0.122,481.657
153931,174513,14196,-0.029,-0.919,-0.292,-2.317,0.305,0.061,481.663
153907,174531,13990,-0.029,-0.92,-0.292,-2.317,0.305,0.061,481.667
153907,174517,14191,-0.027,-0.915,-0.295,-2.012,0.244,0.061,481.673
153906,174531,13990,-0.028,-0.916,-0.305,-2.012,0.244,0.061,481.676
153906,174489,14192,-0.026,-0.921,-0.313,-1.463,0.305,0.183,481.683
153844,174531,13990,-0.028,-0.918,-0.304,-1.463,0.305,0.183,481.686
153844,174443,14194,-0.026,-0.916,-0.296,0,0.366,0.183,481.693
153792,174531,13990,-0.023,-0.918,-0.295,0,0.366,0.183,481.696
153792,174398,14165,-0.029,-0.918,-0.303,1.037,0.366,0.427,481.702
153756,174531,13990,-0.029,-0.92,-0.302,1.037,0.366,0.427,481.706
153756,174409,14178,-0.027,-0.919,-0.292,1.707,0.549,0.488,481.712
153771,174531,13990,-0.026,-0.921,-0.286,1.707,0.549,0.488,481.716
153771,174406,14162,-0.028,-0.916,-0.283,2.073,0.366,0.305,481.722
153818,174531,13990,-0.028,-0.914,-0.273,2.073,0.366,0.305,481.726
153818,174445,14174,-0.028,-0.916,-0.277,0.732,0.366,0.366,481.732
153867,174531,13990,-0.031,-0.919,-0.287,0.732,0.366,0.366,481.736
153867,174458,14185,-0.031,-0.923,-0.287,-1.585,0.366,0.427,481.742
153861,174531,13990,-0.03,-0.92,-0.283,-1.585,0.366,0.427,481.746
153861,174474,14203,-0.031,-0.92,-0.289,-2.195,0.305,0.366,481.752
153893,174531,13990,-0.032,-0.92,-0.298,-2.195,0.305,0.366,481.756
153893,174465,14199,-0.03,-0.923,-0.299,-2.561,0.366,0.305,481.762
153818,174531,13990,-0.028,-0.919,-0.302,-2.561,0.366,0.305,481.766
153818,174415,14202,-0.032,-0.92,-0.31,-1.89,0.427,0.305,481.772
153783,174531,13990,-0.03,-0.917,-0.308,-1.89,0.427,0.305,481.775
153783,174382,14172,-0.028,-0.918,-0.31,-0.183,0.427,0.122,481.782
153772,174531,13990,-0.026,-0.918,-0.316,-0.183,0.427,0.122,481.785
153772,174375,14179,-0.029,-0.912,-0.303,1.89,0.549,0.061,481.792
153790,174531,13990,-0.029,-0.914,-0.29,1.89,0.549,0.061,481.795
153790,174383,14183,-0.033,-0.919,-0.287,3.232,0.549,0.061,481.801
153822,174531,13990,-0.03,-0.918,-0.29,3.232,0.549,0.061,481.805
153822,174426,14191,-0.026,-0.918,-0.289,2.378,0.671,-0.061,481.811
153878,174531,13990,-0.026,-0.915,-0.284,2.378,0.671,-0.061,481.815
153878,174464,14199,-0.029,-0.918,-0.283,1.585,0.671,-0.183,481.821
153925,174531,13990,-0.03,-0.919,-0.281,1.585,0.671,-0.183,481.825
153925,174474,14192,-0.029,-0.918,-0.278,0.488,0.427,-0.122,481.831
153911,174531,13990,-0.03,-0.914,-0.283,0.488,0.427,-0.122,481.835
153911,174488,14200,-0.029,-0.921,-0.283,-1.159,0.305,0.122,481.841
153916,174531,13990,-0.027,-0.919,-0.283,-1.159,0.305,0.122,481.845
153916,174470,14196,-0.03,-0.918,-0.289,-2.195,0.244,0.366,481.851
153859,174531,13990,-0.029,-0.923,-0.305,-2.195,0.244,0.366,481.855
153859,174457,14191,-0.029,-0.924,-0.309,-2.317,0.183,0.427,481.861
153849,174531,13990,-0.028,-0.917,-0.308,-2.317,0.183,0.427,481.865
153849,174444,14177,-0.03,-0.916,-0.306,-0.366,0.305,0.427,481.871
153878,174531,13990,-0.027,-0.917,-0.308,-0.366,0.305,0.427,481.874
153878,174442,14209,-0.027,-0.916,-0.308,1.524,0.366,0.427,481.881
153860,174531,13990,-0.028,-0.915,-0.303,1.524,0.366,0.427,481.884
153860,174458,14202,-0.028,-0.912,-0.284,3.11,0.488,0.427,481.891
153891,174531,13990,-0.03,-0.916,-0.272,3.11,0.488,0.427,481.894
153891,174475,14205,-0.025,-0.916,-0.278,2.622,0.427,0.427,481.9
153934,174531,13990,-0.028,-0.919,-0.291,2.622,0.427,0.427,481.904
153934,174486,14206,-0.027,-0.923,-0.289,0.061,0.366,0.366,481.91
153904,174531,13990,-0.026,-0.92,-0.278,0.061,0.366,0.366,481.914
153904,174498,14202,-0.026,-0.916,-0.277,-0.488,0.305,0.366,481.92
153864,174531,13990,-0.029,-0.918,-0.286,-0.488,0.305,0.366,481.924
153864,174495,14202,-0.028,-0.921,-0.297,-1.524,0.305,0.488,481.93
153826,174531,13990,-0.027,-0.922,-0.293,-1.524,0.305,0.488,481.934
153826,174424,14192,-0.031,-0.919,-0.297,-1.524,0.305,0.549,481.94
153782,174531,13990,-0.029,-0.92,-0.302,-1.524,0.305,0.549,481.944
153782,174401,14191,-0.027,-0.92,-0.302,-1.037,0.244,0.61,481.95
153775,174531,13990,-0.025,-0.92,-0.304,-1.037,0.244,0.61,481.954
153775,174387,14186,-0.03,-0.921,-0.3,-0.122,0.305,0.61,481.96
153777,174531,13990,-0.029,-0.92,-0.292,-0.122,0.305,0.61,481.964
153777,174393,14176,-0.029,-0.914,-0.29,0.915,0.305,0.488,481.97
153805,174531,13990,-0.026,-0.915,-0.289,0.915,0.305,0.488,481.973
153805,174418,14199,-0.027,-0.917,-0.299,0.61,0.488,0.366,481.98
153885,174531,13990,-0.029,-0.921,-0.297,0.61,0.488,0.366,481.983
153885,174470,14202,-0.027,-0.919,-0.286,0.854,0.427,0.244,481.99
153905,174531,13990,-0.029,-0.913,-0.279,0.854,0.427,0.244,481.993
153905,174498,14206,-0.03,-0.915,-0.287,1.037,0.427,0.305,481.999
153944,174531,13990,-0.025,-0.917,-0.286,1.037,0.427,0.305,482.003
153944,174474,14208,-0.026,-0.92,-0.28,-0.061,0.366,0.427,482.009
153950,174531,13990,-0.027,-0.919,-0.279,-0.061,0.366,0.427,482.013
153950,174498,14201,-0.03,-0.917,-0.287,-1.28,0.244,0.549,482.019
153883,174531,13990,-0.028,-0.924,-0.285,-1.28,0.244,0.549,482.023
153883,174452,14205,-0.029,-0.922,-0.28,-2.256,0.183,0.61,482.029
153841,174531,13990,-0.03,-0.915,-0.287,-2.256,0.183,0.61,482.033
153841,174411,14210,-0.03,-0.916,-0.304,-2.988,0.122,0.732,482.039
153816,174531,13990,-0.032,-0.92,-0.305,-2.988,0.122,0.732,482.043
153816,174388,14186,-0.029,-0.921,-0.304,-2.317,0.183,0.793,482.049
153845,174531,13990,-0.028,-0.915,-0.305,-2.317,0.183,0.793,482.053
153845,174402,14184,-0.029,-0.915,-0.308,-0.671,0.366,0.61,482.059
153901,174531,13990,-0.032,-0.919,-0.307,-0.671,0.366,0.61,482.063
153901,174475,14204,-0.029,-0.915,-0.296,0.854,0.427,0.549,482.069
153952,174531,13990,-0.028,-0.916,-0.29,0.854,0.427,0.549,482.073
153952,174495,14208,-0.031,-0.917,-0.281,1.646,0.488,0.488,482.079
154032,174531,13990,-0.031,-0.917,-0.281,1.646,0.488,0.488,482.082
154032,174556,14234,-0.031,-0.917,-0.275,0.244,0.488,0.305,482.089
154086,174531,13990,-0.031,-0.917,-0.275,0.244,0.488,0.305,482.092
154086,174545,14223,-0.033,-0.925,-0.29,-2.378,0.488,0.183,482.098
154055,174531,13990,-0.033,-0.925,-0.29,-2.378,0.488,0.183,482.102
154055,174554,14228,-0.031,-0.92,-0.293,-2.744,0.244,0,482.108
154038,174531,13990,-0.031,-0.92,-0.293,-2.744,0.244,0,482.112
154038,174527,14208,-0.028,-0.919,-0.299,-2.073,0.366,0,482.118
153968,174531,13990,-0.028,-0.919,-0.299,-2.073,0.366,0,482.122
153968,174483,14198,-0.027,-0.915,-0.302,-1.524,0.366,0.183,482.128
153929,174531,13990,-0.027,-0.915,-0.302,-1.524,0.366,0.183,482.132
153929,174456,14203,-0.03,-0.919,-0.3,-0.183,0.488,0.183,482.138
153902,174531,13990,-0.03,-0.919,-0.3,-0.183,0.488,0.183,482.142
153902,174454,14191,-0.026,-0.92,-0.303,0.671,0.549,0.305,482.148
153963,174531,13990,-0.026,-0.92,-0.303,0.671,0.549,0.305,482.152
153963,174468,14197,-0.028,-0.917,-0.292,1.585,0.427,0.305,482.158
154038,174531,13990,-0.028,-0.917,-0.292,1.585,0.427,0.305,482.162
154038,174551,14238,-0.029,-0.918,-0.279,1.402,0.427,0.366,482.168
154074,174531,13990,-0.029,-0.918,-0.279,1.402,0.427,0.366,482.171
154074,174553,14226,-0.026,-0.917,-0.282,-0.366,0.427,0.427,482.178
154100,174531,13990,-0.026,-0.917,-0.282,-0.366,0.427,0.427,482.181
154100,174589,14241,-0.03,-0.918,-0.282,-1.951,0.366,0.549,482.188
154120,174531,13990,-0.03,-0.918,-0.282,-1.951,0.366,0.549,482.191
154120,174551,14224,-0.027,-0.919,-0.296,-3.11,0.244,0.549,482.197
154049,174531,13990,-0.027,-0.919,-0.296,-3.11,0.244,0.549,482.201
154049,174528,14231,-0.031,-0.92,-0.306,-2.683,0.244,0.427,482.207
154033,174531,13990,-0.031,-0.92,-0.306,-2.683,0.244,0.427,482.211
154033,174509,14215,-0.027,-0.917,-0.307,-0.671,0.366,0.427,482.217
154003,174531,13990,-0.027,-0.917,-0.307,-0.671,0.366,0.427,482.221
154003,174496,14208,-0.027,-0.914,-0.304,0.854,0.427,0.488,482.227
154000,174531,13990,-0.027,-0.914,-0.304,0.854,0.427,0.488,482.231
154000,174495,14224,-0.028,-0.914,-0.302,0.854,0.427,0.488,482.237
154044,174531,13990,-0.029,-0.912,-0.297,1.951,0.427,0.488,482.241
154044,174529,14219,-0.03,-0.916,-0.291,1.951,0.427,0.488,482.247
154048,174531,13990,-0.029,-0.915,-0.284,2.195,0.427,0.427,482.251
154048,174547,14225,-0.028,-0.914,-0.272,2.195,0.427,0.427,482.257
154117,174531,13990,-0.03,-0.923,-0.283,0.915,0.427,0.366,482.261
154117,174553,14228,-0.03,-0.921,-0.295,0.915,0.427,0.366,482.267
154091,174531,13990,-0.029,-0.92,-0.295,-1.159,0.305,0.305,482.271
154091,174560,14247,-0.03,-0.917,-0.285,-1.159,0.305,0.305,482.277
154098,174531,13990,-0.031,-0.918,-0.289,-1.22,0.244,0.366,482.28
154098,174582,14219,-0.027,-0.919,-0.306,-1.22,0.244,0.366,482.287
154077,174531,13990,-0.03,-0.922,-0.309,-1.22,0.244,0.488,482.29
154077,174524,14218,-0.029,-0.919,-0.301,-1.22,0.244,0.488,482.296
154041,174531,13990,-0.029,-0.915,-0.295,0.488,0.244,0.61,482.3
154041,174543,14208,-0.028,-0.914,-0.287,0.488,0.244,0.61,482.306
153987,174531,13990,-0.031,-0.916,-0.287,1.037,0.305,0.671,482.31
153987,174502,14219,-0.029,-0.915,-0.295,1.037,0.305,0.671,482.316
153962,174531,13990,-0.032,-0.915,-0.295,0.244,0.427,0.671,482.32
153962,174500,14202,-0.029,-0.914,-0.285,0.244,0.427,0.671,482.326
153972,174531,13990,-0.03,-0.916,-0.276,-0.183,0.427,0.549,482.33
153972,174471,14200,-0.03,-0.922,-0.287,-0.183,0.427,0.549,482.336
153969,174531,13990,-0.031,-0.917,-0.302,-1.22,0.366,0.366,482.34
153969,174508,14209,-0.031,-0.921,-0.305,-1.22,0.366,0.366,482.346
154024,174531,13990,-0.03,-0.923,-0.308,-1.159,0.305,0.244,482.35
154024,174531,14213,-0.028,-0.917,-0.299,-1.159,0.305,0.244,482.356
154027,174531,13990,-0.028,-0.917,-0.297,0.488,0.427,0.244,482.36
154027,174546,14204,-0.03,-0.919,-0.299,0.488,0.427,0.244,482.366
153999,174531,13990,-0.027,-0.92,-0.296,1.098,0.488,0.427,482.37
153999,174494,14202,-0.028,-0.919,-0.288,1.098,0.488,0.427,482.376
153938,174531,13990,-0.03,-0.917,-0.285,1.159,0.427,0.549,482.379
153938,174474,14208,-0.027,-0.917,-0.285,1.159,0.427,0.549,482.386
153903,174531,13990,-0.028,-0.919,-0.284,0.366,0.427,0.671,482.389
153903,174435,14190,-0.03,-0.918,-0.286,0.366,0.427,0.671,482.396
153878,174531,13990,-0.03,-0.917,-0.282,-0.732,0.305,0.732,482.399
153878,174420,14201,-0.031,-0.923,-0.296,-0.732,0.305,0.732,482.405
153857,174531,13990,-0.034,-0.919,-0.295,-1.646,0.244,0.732,482.409
153857,174396,14185,-0.031,-0.918,-0.297,-1.646,0.244,0.732,482.415
153885,174531,13990,-0.027,-0.92,-0.304,-1.341,0.305,0.488,482.419
153885,174432,14202,-0.031,-0.917,-0.308,-1.341,0.305,0.488,482.425
153938,174531,13990,-0.032,-0.917,-0.303,-0.427,0.305,0.427,482.429
153938,174463,14209,-0.027,-0.917,-0.298,-0.427,0.305,0.427,482.435
153983,174531,13990,-0.031,-0.915,-0.296,0.976,0.305,0.488,482.439
153983,174490,14213,-0.027,-0.917,-0.288,0.976,0.305,0.488,482.445
153992,174531,13990,-0.028,-0.918,-0.291,1.28,0.366,0.427,482.449
153992,174481,14199,-0.028,-0.921,-0.297,1.28,0.366,0.427,482.455
153980,174531,13990,-0.029,-0.921,-0.295,0.854,0.366,0.427,482.459
153980,174469,14195,-0.025,-0.915,-0.286,0.854,0.366,0.427,482.465
153910,174531,13990,-0.028,-0.912,-0.283,0.671,0.366,0.427,482.469
153910,174409,14209,-0.03,-0.918,-0.292,0.671,0.366,0.427,482.475
153863,174531,13990,-0.026,-0.918,-0.294,-0.183,0.427,0.488,482.478
153863,174406,14196,-0.03,-0.921,-0.292,-0.183,0.427,0.488,482.485
153854,174531,13990,-0.031,-0.917,-0.288,-0.549,0.305,0.671,482.488
153854,174364,14197,-0.031,-0.917,-0.289,-0.549,0.305,0.671,482.494
153848,174531,13990,-0.03,-0.917,-0.291,-0.671,0.366,0.549,482.498
153848,174421,14199,-0.03,-0.919,-0.297,-0.671,0.366,0.549,482.504
153887,174531,13990,-0.031,-0.922,-0.298,-0.793,0.366,0.488,482.508
153887,174434,14191,-0.031,-0.917,-0.293,-0.793,0.366,0.488,482.514
153930,174531,13990,-0.032,-0.918,-0.299,-0.366,0.305,0.549,482.518
153930,174485,14206,-0.031,-0.921,-0.303,-0.366,0.305,0.549,482.524
153973,174531,13990,-0.03,-0.916,-0.293,0.244,0.366,0.366,482.528
153973,174477,14217,-0.028,-0.916,-0.288,0.244,0.366,0.366,482.534
153961,174531,13990,-0.03,-0.92,-0.299,0.732,0.305,0.366,482.538
153961,174478,14232,-0.03,-0.918,-0.297,0.732,0.305,0.366,482.544
153943,174531,13990,-0.026,-0.917,-0.285,0.976,0.305,0.366,482.548
153943,174455,14217,-0.029,-0.916,-0.285,0.976,0.305,0.366,482.554
153919,174531,13990,-0.028,-0.918,-0.284,0.549,0.305,0.366,482.558
153919,174407,14194,-0.027,-0.916,-0.287,0.549,0.305,0.366,482.564
153912,174531,13990,-0.029,-0.92,-0.296,-0.366,0.366,0.427,482.568
153912,174429,14208,-0.031,-0.919,-0.298,-0.366,0.366,0.427,482.574
153932,174531,13990,-0.029,-0.916,-0.282,-0.488,0.366,0.549,482.577
153932,174411,14208,-0.031,-0.916,-0.278,-0.488,0.366,0.549,482.584
153919,174531,13990,-0.033,-0.919,-0.292,-0.549,0.366,0.61,482.587
153919,174415,14213,-0.032,-0.922,-0.302,-0.549,0.366,0.61,482.594
153962,174531,13990,-0.036,-0.921,-0.299,-1.524,0.305,0.549,482.597
153962,174446,14201,-0.032,-0.919,-0.294,-1.524,0.305,0.549,482.603
153884,174531,13990,-0.031,-0.917,-0.297,-0.854,0.366,0.488,482.607
153884,174421,14191,-0.031,-0.919,-0.302,-0.854,0.366,0.488,482.613
153873,174531,13990,-0.03,-0.917,-0.298,-0.061,0.427,0.427,482.617
153873,174432,14191,-0.031,-0.917,-0.297,-0.061,0.427,0.427,482.623
153868,174531,13990,-0.033,-0.917,-0.301,0.854,0.427,0.305,482.627
153868,174378,14203,-0.029,-0.919,-0.298,0.854,0.427,0.305,482.633
153887,174531,13990,-0.028,-0.919,-0.287,1.585,0.427,0.244,482.637
153887,174399,14182,-0.027,-0.916,-0.281,1.585,0.427,0.244,482.643
153915,174531,13990,-0.03,-0.92,-0.284,1.098,0.366,0.244,482.647
153915,174401,14206,-0.028,-0.922,-0.297,1.098,0.366,0.244,482.653
153925,174531,13990,-0.028,-0.917,-0.292,0,0.427,0.122,482.657
153925,174422,14202,-0.028,-0.917,-0.28,0,0.427,0.122,482.663
153920,174531,13990,-0.029,-0.917,-0.285,-0.122,0.305,0.122,482.667
153920,174460,14224,-0.029,-0.919,-0.284,-0.122,0.305,0.122,482.673
153906,174531,13990,-0.029,-0.919,-0.284,-0.122,0.305,0.122,482.676
153906,174452,14217,-0.028,-0.919,-0.303,-1.22,0.366,0.305,482.683
153893,174531,13990,-0.028,-0.919,-0.303,-1.22,0.366,0.305,482.686
153893,174432,14198,-0.031,-0.921,-0.301,-1.646,0.244,0.366,482.693
153896,174531,13990,-0.031,-0.921,-0.301,-1.646,0.244,0.366,482.696
153896,174432,14193,-0.028,-0.919,-0.302,-0.244,0.305,0.549,482.702
153918,174531,13990,-0.028,-0.919,-0.302,-0.244,0.305,0.549,482.706
153918,174441,14202,-0.032,-0.923,-0.304,0.61,0.305,0.488,482.712
153930,174531,13990,-0.032,-0.923,-0.304,0.61,0.305,0.488,482.716
153930,174498,14203,-0.031,-0.916,-0.284,1.89,0.427,0.427,482.722
153942,174531,13990,-0.031,-0.916,-0.284,1.89,0.427,0.427,482.726
153942,174481,14226,-0.031,-0.912,-0.271,2.5,0.549,0.427,482.732
153973,174531,13990,-0.031,-0.912,-0.271,2.5,0.549,0.427,482.736
153973,174489,14223,-0.029,-0.916,-0.287,1.037,0.427,0.366,482.742
153978,174531,13990,-0.029,-0.916,-0.287,1.037,0.427,0.366,482.746
153978,174482,14213,-0.031,-0.921,-0.283,-0.976,0.366,0.244,482.752
153976,174531,13990,-0.031,-0.921,-0.283,-0.976,0.366,0.244,482.756
153976,174501,14220,-0.03,-0.922,-0.299,-1.585,0.305,0.305,482.762
153983,174531,13990,-0.03,-0.922,-0.299,-1.585,0.305,0.305,482.766
153983,174497,14208,-0.03,-0.922,-0.296,-1.707,0.244,0.549,482.772
153932,174531,13990,-0.03,-0.922,-0.296,-1.707,0.244,0.549,482.775
153932,174484,14219,-0.028,-0.919,-0.301,-0.671,0.183,0.671,482.782
153938,174531,13990,-0.028,-0.919,-0.301,-0.671,0.183,0.671,482.785
153938,174476,14219,-0.033,-0.921,-0.296,-0.061,0.244,0.793,482.792
153924,174531,13990,-0.033,-0.921,-0.296,-0.061,0.244,0.793,482.795
153924,174459,14220,-0.03,-0.914,-0.282,0.366,0.305,0.793,482.801
153921,174531,13990,-0.03,-0.914,-0.282,0.366,0.305,0.793,482.805
153921,174468,14215,-0.031,-0.917,-0.291,0.244,0.244,0.61,482.811
153941,174531,13990,-0.031,-0.917,-0.291,0.244,0.244,0.61,482.815
153941,174479,14217,-0.029,-0.92,-0.289,-0.854,0.366,0.488,482.821
153930,174531,13990,-0.029,-0.92,-0.289,-0.854,0.366,0.488,482.825
153930,174470,14217,-0.03,-0.917,-0.281,-0.976,0.366,0.427,482.831
153958,174531,13990,-0.028,-0.916,-0.285,-0.976,0.366,0.427,482.835
153958,174489,14224,-0.031,-0.918,-0.292,-1.463,0.244,0.366,482.841
153961,174531,13990,-0.029,-0.925,-0.298,-1.463,0.244,0.366,482.845
153961,174460,14219,-0.031,-0.921,-0.299,-1.402,0.244,0.366,482.851
153970,174531,13990,-0.03,-0.915,-0.294,-1.402,0.244,0.366,482.855
153970,174459,14208,-0.029,-0.918,-0.297,-0.061,0.305,0.488,482.861
153940,174531,13990,-0.031,-0.918,-0.301,-0.061,0.305,0.488,482.865
153940,174440,14215,-0.031,-0.917,-0.299,0.366,0.366,0.671,482.871
153958,174531,13990,-0.026,-0.918,-0.289,0.366,0.366,0.671,482.874
153958,174453,14211,-0.029,-0.916,-0.282,0.915,0.305,0.61,482.881
153920,174531,13990,-0.031,-0.913,-0.277,0.915,0.305,0.61,482.884
153920,174442,14215,-0.032,-0.915,-0.281,-0.122,0.305,0.671,482.891
153923,174531,13990,-0.033,-0.919,-0.287,-0.122,0.305,0.671,482.894
153923,174456,14209,-0.032,-0.918,-0.291,-1.707,0.366,0.549,482.9
153958,174531,13990,-0.032,-0.92,-0.291,-1.707,0.366,0.549,482.904
153958,174446,14212,-0.033,-0.921,-0.287,-2.5,0.244,0.549,482.91
153974,174531,13990,-0.035,-0.918,-0.29,-2.5,0.244,0.549,482.914
153974,174464,14202,-0.036,-0.919,-0.296,-2.988,0.122,0.488,482.92
153978,174531,13990,-0.031,-0.919,-0.309,-2.988,0.122,0.488,482.924
153978,174480,14225,-0.03,-0.919,-0.307,-2.683,0.366,0.244,482.93
154015,174531,13990,-0.03,-0.916,-0.298,-2.683,0.366,0.244,482.934
154015,174491,14236,-0.029,-0.914,-0.293,-1.159,0.305,0.244,482.94
153976,174531,13990,-0.028,-0.918,-0.301,-1.159,0.305,0.244,482.944
153976,174478,14237,-0.032,-0.919,-0.298,-0.976,0.366,0.305,482.95
153990,174531,13990,-0.031,-0.918,-0.294,-0.976,0.366,0.305,482.954
153990,174480,14219,-0.029,-0.918,-0.295,-0.671,0.427,0.305,482.96
153932,174531,13990,-0.03,-0.917,-0.297,-0.671,0.427,0.305,482.964
153932,174458,14235,-0.031,-0.918,-0.294,-0.427,0.427,0.305,482.97
153939,174531,13990,-0.03,-0.917,-0.292,-0.427,0.427,0.305,482.973
153939,174441,14211,-0.029,-0.918,-0.292,-0.671,0.366,0.244,482.98
153977,174531,13990,-0.029,-0.914,-0.288,-0.671,0.366,0.244,482.983
153977,174473,14220,-0.031,-0.913,-0.285,-1.098,0.366,0.183,482.99
153998,174531,13990,-0.033,-0.913,-0.291,-1.098,0.366,0.183,482.993
153998,174509,14223,-0.029,-0.921,-0.304,-1.951,0.305,0.122,482.999
154036,174531,13990,-0.029,-0.923,-0.303,-1.951,0.305,0.122,483.003
154036,174498,14234,-0.032,-0.922,-0.302,-1.646,0.305,0.183,483.009
154008,174531,13990,-0.028,-0.917,-0.298,-1.646,0.305,0.183,483.013
154008,174503,14237,-0.029,-0.915,-0.302,-0.488,0.305,0.183,483.019
154020,174531,13990,-0.028,-0.918,-0.303,-0.488,0.305,0.183,483.023
154020,174488,14232,-0.03,-0.919,-0.302,0.549,0.427,0.183,483.029
153950,174531,13990,-0.029,-0.916,-0.291,0.549,0.427,0.183,483.033
153950,174461,14219,-0.029,-0.913,-0.283,1.22,0.488,0.183,483.039
153959,174531,13990,-0.031,-0.912,-0.285,1.22,0.488,0.183,483.043
153959,174460,14215,-0.029,-0.921,-0.295,0.427,0.427,0.305,483.049
153939,174531,13990,-0.028,-0.922,-0.3,0.427,0.427,0.305,483.053
153939,174408,14223,-0.032,-0.916,-0.293,-0.488,0.427,0.366,483.059
153942,174531,13990,-0.032,-0.92,-0.287,-0.488,0.427,0.366,483.063
153942,174451,14213,-0.029,-0.917,-0.29,-0.488,0.305,0.488,483.069
153960,174531,13990,-0.032,-0.917,-0.3,-0.488,0.305,0.488,483.072
153960,174473,14216,-0.031,-0.916,-0.307,-0.976,0.427,0.366,483.079
153948,174531,13990,-0.032,-0.915,-0.304,-0.976,0.427,0.366,483.082
153948,174449,14220,-0.033,-0.913,-0.296,-0.244,0.488,0.366,483.089
153958,174531,13990,-0.032,-0.919,-0.298,-0.244,0.488,0.366,483.092
153958,174472,14236,-0.032,-0.919,-0.297,0.488,0.427,0.366,483.098
153939,174531,13990,-0.029,-0.92,-0.305,0.488,0.427,0.366,483.102
153939,174440,14213,-0.031,-0.918,-0.304,0.671,0.427,0.244,483.108
153908,174531,13990,-0.031,-0.916,-0.286,0.671,0.427,0.244,483.112
153908,174421,14217,-0.029,-0.916,-0.28,1.463,0.427,0.122,483.118
153894,174531,13990,-0.03,-0.917,-0.29,1.463,0.427,0.122,483.122
153894,174422,14207,-0.027,-0.916,-0.288,0.549,0.549,0.122,483.128
153890,174531,13990,-0.027,-0.914,-0.287,0.549,0.549,0.122,483.132
153890,174434,14194,-0.028,-0.92,-0.289,-0.488,0.427,0.244,483.138
153897,174531,13990,-0.029,-0.915,-0.291,-0.488,0.427,0.244,483.142
153897,174416,14212,-0.03,-0.917,-0.292,-1.098,0.366,0.366,483.148
153928,174531,13990,-0.028,-0.922,-0.304,-1.098,0.366,0.366,483.152
153928,174449,14224,-0.031,-0.921,-0.307,-1.585,0.305,0.427,483.158
153923,174531,13990,-0.032,-0.92,-0.304,-1.585,0.305,0.427,483.162
153923,174431,14226,-0.03,-0.913,-0.3,-0.549,0.305,0.488,483.168
153933,174531,13990,-0.029,-0.916,-0.3,-0.549,0.305,0.488,483.171
153933,174434,14221,-0.031,-0.918,-0.303,0.61,0.366,0.488,483.178
153889,174531,13990,-0.031,-0.917,-0.301,0.61,0.366,0.488,483.181
153889,174384,14230,-0.031,-0.915,-0.296,1.341,0.427,0.488,483.188
153874,174531,13990,-0.033,-0.918,-0.289,1.341,0.427,0.488,483.191
153874,174382,14205,-0.032,-0.916,-0.282,1.524,0.427,0.427,483.197
153822,174531,13990,-0.03,-0.917,-0.286,1.524,0.427,0.427,483.201
153822,174361,14207,-0.03,-0.919,-0.295,0.549,0.427,0.366,483.207
153776,174275,13990,-0.029,-0.92,-0.297,0.549,0.427,0.366,483.211
153776,174334,14198,-0.028,-0.916,-0.285,0.061,0.427,0.305,483.217
153802,174275,13990,-0.027,-0.916,-0.28,0.061,0.427,0.305,483.221
153802,174326,14190,-0.031,-0.918,-0.287,-0.427,0.305,0.244,483.227
153752,174275,13990,-0.032,-0.92,-0.293,-0.427,0.305,0.244,483.231
153752,174291,14187,-0.03,-0.919,-0.29,-1.585,0.305,0.366,483.237
153747,174275,13990,-0.028,-0.919,-0.287,-1.585,0.305,0.366,483.241
153747,174297,14190,-0.03,-0.921,-0.296,-1.707,0.305,0.488,483.247
153740,174275,13990,-0.031,-0.92,-0.303,-1.707,0.305,0.488,483.251
153740,174305,14186,-0.031,-0.917,-0.305,-1.707,0.366,0.488,483.257
153728,174275,13990,-0.029,-0.92,-0.306,-1.707,0.366,0.488,483.261
153728,174299,14195,-0.03,-0.914,-0.303,-0.427,0.366,0.366,483.267
153719,174275,13990,-0.03,-0.914,-0.303,-0.427,0.366,0.366,483.27
153719,174274,14183,-0.031,-0.915,-0.297,0.671,0.366,0.427,483.277
153723,174275,13990,-0.031,-0.915,-0.297,0.671,0.366,0.427,483.28
153723,174274,14192,-0.03,-0.917,-0.3,1.402,0.427,0.366,483.287
153691,174275,13990,-0.03,-0.917,-0.3,1.402,0.427,0.366,483.29
153691,174261,14184,-0.031,-0.915,-0.271,1.707,0.366,0.366,483.296
153687,174275,13990,-0.031,-0.915,-0.271,1.707,0.366,0.366,483.3
153687,174273,14194,-0.032,-0.921,-0.292,-0.488,0.305,0.366,483.306
153732,174275,13990,-0.032,-0.921,-0.292,-0.488,0.305,0.366,483.31
153732,174282,14195,-0.032,-0.92,-0.299,-2.134,0.366,0.244,483.316
153744,174275,13990,-0.032,-0.92,-0.299,-2.134,0.366,0.244,483.32
153744,174295,14188,-0.03,-0.917,-0.298,-1.524,0.305,0.183,483.326
153761,174275,13990,-0.03,-0.917,-0.298,-1.524,0.305,0.183,483.33
153761,174328,14213,-0.029,-0.918,-0.308,-0.671,0.305,0.305,483.336
153767,174275,13990,-0.029,-0.918,-0.308,-0.671,0.305,0.305,483.34
153767,174296,14183,-0.034,-0.918,-0.298,0.61,0.366,0.244,483.346
153761,174275,13990,-0.034,-0.918,-0.298,0.61,0.366,0.244,483.35
153761,174312,14197,-0.029,-0.919,-0.293,1.402,0.488,0.122,483.356
153793,174275,13990,-0.029,-0.919,-0.293,1.402,0.488,0.122,483.36
153793,174329,14195,-0.032,-0.918,-0.294,1.28,0.549,0.061,483.366
153792,174275,13990,-0.032,-0.918,-0.294,1.28,0.549,0.061,483.37
153792,174328,14209,-0.03,-0.913,-0.279,0.976,0.488,0,483.376
153817,174531,13990,-0.03,-0.913,-0.279,0.976,0.488,0,483.379
153817,174349,14213,-0.031,-0.913,-0.28,-0.244,0.427,0,483.386
153821,174275,13990,-0.031,-0.913,-0.28,-0.244,0.427,0,483.389
153821,174335,14216,-0.029,-0.921,-0.297,-1.951,0.427,0.122,483.395
153827,174531,13990,-0.029,-0.921,-0.297,-1.951,0.427,0.122,483.399
153827,174351,14206,-0.029,-0.917,-0.293,-1.829,0.366,0,483.405
153810,174531,13990,-0.029,-0.917,-0.293,-1.829,0.366,0,483.409
153810,174341,14209,-0.029,-0.92,-0.3,-1.829,0.366,0,483.415
153799,174275,13990,-0.029,-0.923,-0.307,-1.524,0.244,0.061,483.419
153799,174330,14198,-0.029,-0.92,-0.306,-1.524,0.244,0.061,483.425
153764,174275,13990,-0.028,-0.918,-0.3,-0.488,0.305,0.305,483.429
153764,174292,14215,-0.028,-0.918,-0.297,-0.488,0.305,0.305,483.435
153775,174275,13990,-0.028,-0.917,-0.294,0.976,0.488,0.488,483.439
153775,174325,14207,-0.03,-0.916,-0.294,0.976,0.488,0.488,483.445
153784,174275,13990,-0.031,-0.918,-0.297,1.159,0.427,0.488,483.449
153784,174310,14210,-0.03,-0.919,-0.297,1.159,0.427,0.488,483.455
153842,174531,13990,-0.03,-0.916,-0.287,0.915,0.488,0.366,483.459
153842,174371,14203,-0.032,-0.911,-0.276,0.915,0.488,0.366,483.465
153878,174531,13990,-0.031,-0.914,-0.284,0.244,0.488,0.305,483.468
153878,174403,14219,-0.03,-0.918,-0.294,0.244,0.488,0.305,483.475
153882,174531,13990,-0.035,-0.917,-0.293,-1.098,0.366,0.244,483.478
153882,174404,14233,-0.033,-0.916,-0.289,-1.098,0.366,0.244,483.485
153927,174531,13990,-0.03,-0.917,-0.294,-1.28,0.366,0.061,483.488
153927,174427,14237,-0.03,-0.92,-0.304,-1.28,0.366,0.061,483.494
153898,174531,13990,-0.029,-0.921,-0.305,-1.098,0.427,-0.122,483.498
153898,174430,14208,-0.027,-0.917,-0.304,-1.098,0.427,-0.122,483.504
153898,174531,13990,-0.028,-0.92,-0.304,-0.061,0.488,-0.244,483.508
153898,174406,14218,-0.029,-0.914,-0.302,-0.061,0.488,-0.244,483.514
153843,174531,13990,-0.028,-0.912,-0.294,1.28,0.427,-0.122,483.518
153843,174394,14220,-0.026,-0.914,-0.286,1.28,0.427,-0.122,483.524
153817,174531,13990,-0.026,-0.917,-0.281,1.22,0.427,-0.122,483.528
153817,174365,14206,-0.025,-0.914,-0.282,1.22,0.427,-0.122,483.534
153813,174531,13990,-0.027,-0.918,-0.287,-0.244,0.366,0.244,483.538
153813,174345,14227,-0.027,-0.92,-0.296,-0.244,0.366,0.244,483.544
153842,174531,13990,-0.028,-0.92,-0.3,-1.159,0.305,0.427,483.548
153842,174392,14212,-0.028,-0.917,-0.292,-1.159,0.305,0.427,483.554
153891,174531,13990,-0.028,-0.915,-0.289,-0.671,0.183,0.488,483.558
153891,174413,14232,-0.029,-0.92,-0.298,-0.671,0.183,0.488,483.564
153941,174531,13990,-0.03,-0.92,-0.297,-0.671,0.305,0.61,483.568
153941,174448,14226,-0.032,-0.916,-0.291,-0.671,0.305,0.61,483.574
153915,174531,13990,-0.03,-0.918,-0.284,-0.549,0.305,0.549,483.577
153915,174426,14229,-0.03,-0.918,-0.297,-0.549,0.305,0.549,483.584
153908,174531,13990,-0.032,-0.916,-0.304,-0.976,0.366,0.549,483.587
153908,174432,14227,-0.032,-0.921,-0.309,-0.976,0.366,0.549,483.593
153864,174531,13990,-0.03,-0.92,-0.299,-0.427,0.305,0.427,483.597
153864,174353,14228,-0.031,-0.916,-0.294,-0.427,0.305,0.427,483.603
153837,174531,13990,-0.031,-0.913,-0.295,0.549,0.305,0.366,483.607
153837,174337,14215,-0.027,-0.916,-0.293,0.549,0.305,0.366,483.613
153827,174531,13990,-0.028,-0.915,-0.291,0.427,0.366,0.366,483.617
153827,174345,14219,-0.029,-0.914,-0.289,0.427,0.366,0.366,483.623
153865,174531,13990,-0.028,-0.916,-0.29,0.183,0.427,0.305,483.627
153865,174384,14224,-0.032,-0.918,-0.289,0.183,0.427,0.305,483.633
153868,174531,13990,-0.03,-0.917,-0.287,-0.488,0.305,0.366,483.637
153868,174354,14220,-0.031,-0.918,-0.297,-0.488,0.305,0.366,483.643
153920,174531,13990,-0.028,-0.919,-0.305,-1.28,0.366,0.366,483.647
153920,174429,14225,-0.026,-0.919,-0.302,-1.28,0.366,0.366,483.653
153883,174531,13990,-0.03,-0.917,-0.298,-0.61,0.366,0.427,483.657
153883,174409,14242,-0.027,-0.915,-0.289,-0.61,0.366,0.427,483.663
153857,174531,13990,-0.027,-0.916,-0.296,-0.061,0.183,0.61,483.667
153857,174379,14231,-0.031,-0.919,-0.298,-0.061,0.183,0.61,483.673
153845,174531,13990,-0.031,-0.919,-0.294,-0.244,0.305,0.671,483.676
153845,174342,14233,-0.028,-0.912,-0.288,-0.244,0.305,0.671,483.683
153787,174275,13990,-0.031,-0.918,-0.291,-0.488,0.244,0.671,483.686
153787,174326,14222,-0.03,-0.918,-0.3,-0.488,0.244,0.671,483.693
153769,174275,13990,-0.03,-0.92,-0.306,-0.915,0.183,0.61,483.696
153769,174281,14207,-0.026,-0.92,-0.299,-0.915,0.183,0.61,483.702
153757,174275,13990,-0.031,-0.916,-0.299,0.305,0.244,0.427,483.706
153757,174304,14202,-0.033,-0.917,-0.295,0.305,0.244,0.427,483.712
153789,174531,13990,-0.032,-0.917,-0.293,1.585,0.366,0.366,483.716
153789,174346,14217,-0.029,-0.92,-0.295,1.585,0.366,0.366,483.722
153855,174531,13990,-0.03,-0.917,-0.292,1.585,0.488,0.366,483.726
153855,174370,14231,-0.03,-0.917,-0.285,1.585,0.488,0.366,483.732
153858,174531,13990,-0.029,-0.916,-0.284,1.159,0.549,0.305,483.736
153858,174379,14245,-0.028,-0.919,-0.287,1.159,0.549,0.305,483.742
153862,174531,13990,-0.029,-0.919,-0.286,-0.061,0.549,0.244,483.746
153862,174375,14232,-0.029,-0.92,-0.292,-0.061,0.549,0.244,483.752
153843,174531,13990,-0.028,-0.921,-0.296,-1.098,0.427,0.244,483.756
153843,174351,14234,-0.031,-0.918,-0.287,-1.098,0.427,0.244,483.762
153806,174531,13990,-0.031,-0.913,-0.279,-1.159,0.366,0.305,483.766
153806,174343,14221,-0.027,-0.916,-0.295,-1.159,0.366,0.305,483.772
153822,174531,13990,-0.025,-0.922,-0.308,-2.073,0.366,0.427,483.775
153822,174371,14214,-0.029,-0.919,-0.31,-2.073,0.366,0.427,483.782
153830,174275,13990,-0.033,-0.918,-0.301,-1.28,0.305,0.427,483.785
153830,174334,14227,-0.031,-0.914,-0.292,-1.28,0.305,0.427,483.791
153832,174531,13990,-0.028,-0.918,-0.292,0.061,0.305,0.305,483.795
153832,174366,14241,-0.029,-0.919,-0.292,0.061,0.305,0.305,483.801
153835,174531,13990,-0.029,-0.918,-0.301,-0.183,0.305,0.366,483.805
153835,174341,14227,-0.026,-0.918,-0.297,-0.183,0.305,0.366,483.811
153817,174531,13990,-0.028,-0.918,-0.289,0.122,0.427,0.244,483.815
153817,174350,14235,-0.029,-0.915,-0.28,0.122,0.427,0.244,483.821
153814,174275,13990,-0.029,-0.915,-0.289,-0.122,0.305,0.305,483.825
153814,174323,14209,-0.031,-0.92,-0.3,-0.122,0.305,0.305,483.831
153764,174275,13990,-0.028,-0.919,-0.297,-1.463,0.305,0.244,483.835
153764,174314,14221,-0.029,-0.919,-0.284,-1.463,0.305,0.244,483.841
153793,174275,13990,-0.03,-0.914,-0.288,-1.098,0.305,0.305,483.845
153793,174298,14210,-0.031,-0.917,-0.297,-1.098,0.305,0.305,483.851
153731,174275,13990,-0.031,-0.922,-0.308,-1.524,0.244,0.305,483.855
153731,174284,14219,-0.031,-0.922,-0.307,-1.524,0.244,0.305,483.861
153738,174275,13990,-0.031,-0.922,-0.307,-1.524,0.244,0.305,483.865
153738,174258,14219,-0.031,-0.916,-0.301,-0.488,0.305,0.305,483.871
153755,174275,13990,-0.031,-0.916,-0.301,-0.488,0.305,0.305,483.874
153755,174311,14219,-0.03,-0.92,-0.295,1.037,0.488,0.183,483.881
153786,174275,13990,-0.03,-0.92,-0.295,1.037,0.488,0.183,483.884
153786,174294,14224,-0.029,-0.919,-0.291,1.585,0.549,0.183,483.891
153817,174531,13990,-0.029,-0.919,-0.291,1.585,0.549,0.183,483.894
153817,174362,14235,-0.029,-0.917,-0.278,1.037,0.488,0.061,483.9
153855,174531,13990,-0.029,-0.917,-0.278,1.037,0.488,0.061,483.904
153855,174354,14225,-0.029,-0.92,-0.291,0.061,0.427,0.061,483.91
153814,174275,13990,-0.029,-0.92,-0.291,0.061,0.427,0.061,483.914
153814,174335,14224,-0.028,-0.919,-0.294,-1.585,0.305,0.061,483.92
153824,174531,13990,-0.028,-0.919,-0.294,-1.585,0.305,0.061,483.924
153824,174351,14219,-0.028,-0.918,-0.295,-1.829,0.183,0.061,483.93
153795,174275,13990,-0.028,-0.918,-0.295,-1.829,0.183,0.061,483.934
153795,174325,14225,-0.027,-0.923,-0.313,-1.89,0.122,0.244,483.94
153803,174275,13990,-0.027,-0.923,-0.313,-1.89,0.122,0.244,483.944
153803,174330,14219,-0.029,-0.915,-0.297,-1.098,0.305,0.305,483.95
153772,174275,13990,-0.029,-0.915,-0.297,-1.098,0.305,0.305,483.954
153772,174300,14239,-0.031,-0.915,-0.297,0.793,0.366,0.488,483.96
153751,174275,13990,-0.031,-0.915,-0.297,0.793,0.366,0.488,483.964
153751,174296,14214,-0.027,-0.918,-0.293,1.037,0.427,0.549,483.97
153740,174275,13990,-0.027,-0.918,-0.293,1.037,0.427,0.549,483.973
153740,174308,14227,-0.033,-0.915,-0.274,0.793,0.366,0.427,483.98
153785,174275,13990,-0.033,-0.915,-0.274,0.793,0.366,0.427,483.983
153785,174290,14209,-0.03,-0.921,-0.295,-0.427,0.305,0.366,483.99
153811,174275,13990,-0.03,-0.921,-0.295,-0.427,0.305,0.366,483.993
153811,174310,14224,-0.032,-0.915,-0.286,-2.256,0.366,0.244,483.999
153824,174531,13990,-0.032,-0.915,-0.286,-2.256,0.366,0.244,484.003
153824,174341,14231,-0.026,-0.916,-0.31,-2.439,0.244,0.183,484.009
153856,174531,13990,-0.026,-0.916,-0.31,-2.439,0.244,0.183,484.013
153856,174338,14233,-0.027,-0.92,-0.317,-2.439,0.244,0.244,484.019
153837,174531,13990,-0.026,-0.92,-0.313,-2.439,0.244,0.244,484.023
153837,174361,14237,-0.028,-0.92,-0.304,-0.671,0.305,0.305,484.029
153822,174275,13990,-0.028,-0.917,-0.307,-0.671,0.305,0.305,484.033
153822,174335,14245,-0.028,-0.922,-0.304,1.28,0.427,0.671,484.039
153782,174275,13990,-0.03,-0.917,-0.292,1.28,0.427,0.671,484.043
153782,174289,14224,-0.029,-0.911,-0.273,1.951,0.366,0.671,484.049
153759,174275,13990,-0.032,-0.91,-0.264,1.951,0.366,0.671,484.053
153759,174289,14222,-0.034,-0.916,-0.27,0.244,0.366,0.793,484.059
153744,174275,13990,-0.032,-0.923,-0.273,0.244,0.366,0.793,484.063
153744,174313,14234,-0.032,-0.918,-0.28,-3.72,0.305,0.61,484.069
153753,174275,13990,-0.033,-0.914,-0.279,-3.72,0.305,0.61,484.072
153753,174287,14231,-0.032,-0.917,-0.285,-5.915,0.122,0.427,484.079
153739,174275,13990,-0.036,-0.918,-0.299,-5.915,0.122,0.427,484.082
153739,174299,14229,-0.031,-0.923,-0.324,-6.28,-0.244,0.244,484.089
153744,174275,13990,-0.031,-0.925,-0.338,-6.28,-0.244,0.244,484.092
153744,174269,14221,-0.028,-0.917,-0.327,-4.024,0,-0.122,484.098
153721,174275,13990,-0.026,-0.912,-0.315,-4.024,0,-0.122,484.102
153721,174255,14217,-0.025,-0.914,-0.324,0,0.305,0,484.108
153753,174275,13990,-0.029,-0.918,-0.33,0,0.305,0,484.112
153753,174278,14229,-0.031,-0.92,-0.306,3.11,0.549,0.488,484.118
153696,174275,13990,-0.028,-0.907,-0.264,3.11,0.549,0.488,484.122
153696,174233,14228,-0.027,-0.904,-0.257,4.573,0.549,0.549,484.128
153685,174275,13990,-0.028,-0.913,-0.286,4.573,0.549,0.549,484.132
153685,174227,14207,-0.024,-0.923,-0.304,0.427,0.549,0.488,484.138
153711,174275,13990,-0.026,-0.924,-0.299,0.427,0.549,0.488,484.142
153711,174266,14214,-0.025,-0.919,-0.288,-1.159,0.366,0.61,484.148
153760,174275,13990,-0.029,-0.916,-0.289,-1.159,0.366,0.61,484.152
153760,174257,14219,-0.03,-0.918,-0.294,-1.463,0.244,0.61,484.158
153778,174275,13990,-0.027,-0.922,-0.309,-1.463,0.244,0.61,484.162
153778,174297,14240,-0.031,-0.916,-0.326,-2.134,0.183,0.915,484.168
153810,174531,13990,-0.026,-0.915,-0.315,-2.134,0.183,0.915,484.171
153810,174351,14245,-0.029,-0.913,-0.291,0.549,0.122,1.037,484.178
153783,174275,13990,-0.033,-0.918,-0.284,0.549,0.122,1.037,484.181
153783,174309,14225,-0.037,-0.922,-0.297,2.134,0.244,1.28,484.188
153776,174275,13990,-0.036,-0.921,-0.298,2.134,0.244,1.28,484.191
153776,174269,14239,-0.033,-0.917,-0.302,0.549,0.549,1.098,484.197
153742,174275,13990,-0.032,-0.918,-0.296,0.549,0.549,1.098,484.201
153742,174274,14236,-0.032,-0.914,-0.286,0.976,0.671,0.488,484.207
153733,174275,13990,-0.032,-0.903,-0.274,0.976,0.671,0.488,484.211
153733,174244,14220,-0.036,-0.914,-0.282,0.732,0.427,0.366,484.217
153768,174275,13990,-0.032,-0.922,-0.303,0.732,0.427,0.366,484.221
153768,174279,14256,-0.029,-0.922,-0.312,-1.159,0.427,0.244,484.227
153790,174275,13990,-0.03,-0.917,-0.299,-1.159,0.427,0.244,484.231
153790,174288,14242,-0.028,-0.918,-0.286,-0.427,0.549,0,484.237
153824,174275,13990,-0.029,-0.921,-0.297,-0.427,0.549,0,484.241
153824,174335,14251,-0.029,-0.919,-0.311,-0.61,0.488,0.122,484.247
153859,174531,13990,-0.028,-0.919,-0.321,-0.61,0.488,0.122,484.251
153859,174362,14247,-0.031,-0.914,-0.309,0.244,0.488,0.122,484.257
153820,174275,13990,-0.03,-0.911,-0.29,0.244,0.488,0.122,484.261
153820,174322,14250,-0.026,-0.909,-0.282,2.439,0.549,0.061,484.267
153834,174275,13990,-0.025,-0.915,-0.29,2.439,0.549,0.061,484.27
153834,174317,14236,-0.03,-0.919,-0.295,1.768,0.427,0.122,484.277
153751,174275,13990,-0.032,-0.921,-0.294,1.768,0.427,0.122,484.28
153751,174258,14248,-0.028,-0.92,-0.296,0.549,0.427,0.305,484.287
153783,174275,13990,-0.03,-0.918,-0.297,0.549,0.427,0.305,484.29
153783,174276,14243,-0.03,-0.92,-0.3,0.488,0.488,0.122,484.296
153801,174275,13990,-0.029,-0.923,-0.298,0.488,0.488,0.122,484.3
153801,174306,14266,-0.032,-0.917,-0.295,0.854,0.427,0.122,484.306
153874,174531,13990,-0.034,-0.916,-0.296,0.854,0.427,0.122,484.31
153874,174345,14254,-0.032,-0.919,-0.292,1.098,0.549,0.244,484.316
153907,174531,13990,-0.03,-0.918,-0.287,1.098,0.549,0.244,484.32
153907,174388,14270,-0.03,-0.918,-0.28,1.22,0.671,0.061,484.326
153916,174531,13990,-0.03,-0.915,-0.28,1.22,0.671,0.061,484.33
153916,174384,14258,-0.028,-0.919,-0.293,0.244,0.671,0.061,484.336
153903,174531,13990,-0.028,-0.918,-0.301,0.244,0.671,0.061,484.34
153903,174337,14268,-0.031,-0.916,-0.293,-0.366,0.549,0.122,484.346
153812,174275,13990,-0.03,-0.916,-0.281,-0.366,0.549,0.122,484.35
153812,174276,14263,-0.029,-0.913,-0.28,-0.427,0.427,0.122,484.356
153780,174275,13990,-0.027,-0.917,-0.291,-0.427,0.427,0.122,484.36
153780,174242,14230,-0.032,-0.926,-0.308,-2.378,0.488,0.061,484.366
153829,174275,13990,-0.029,-0.919,-0.31,-2.378,0.488,0.061,484.37
153829,174292,14258,-0.026,-0.914,-0.292,-2.317,0.366,-0.122,484.376
153847,174275,13990,-0.028,-0.917,-0.289,-2.317,0.366,-0.122,484.379
153847,174327,14266,-0.029,-0.915,-0.308,-1.463,0.244,-0.061,484.386
153986,174531,13990,-0.029,-0.918,-0.322,-1.463,0.244,-0.061,484.389
153986,174428,14291,-0.027,-0.918,-0.318,-1.037,0.366,0.061,484.395
154123,174531,13990,-0.031,-0.916,-0.305,-1.037,0.366,0.061,484.399
154123,174521,14312,-0.029,-0.916,-0.297,1.829,0.488,0.122,484.405
154248,174787,13990,-0.024,-0.915,-0.295,1.829,0.488,0.122,484.409
154248,174614,14305,-0.026,-0.913,-0.288,2.866,0.549,0.122,484.415
154280,174787,13990,-0.028,-0.918,-0.285,2.866,0.549,0.122,484.419
154280,174624,14336,-0.027,-0.914,-0.273,1.89,0.488,0.305,484.425
154251,174787,13990,-0.029,-0.917,-0.274,1.89,0.488,0.305,484.429
154251,174611,14336,-0.031,-0.921,-0.289,-0.183,0.366,0.61,484.435
154246,174787,13990,-0.031,-0.921,-0.296,-0.183,0.366,0.61,484.439
154246,174616,14322,-0.031,-0.919,-0.289,-1.768,0.305,0.61,484.445
154337,174787,13990,-0.03,-0.914,-0.294,-1.768,0.305,0.61,484.449
154337,174673,14336,-0.029,-0.916,-0.306,-1.89,0.183,0.488,484.455
154389,174787,13990,-0.032,-0.917,-0.313,-1.89,0.183,0.488,484.459
154389,174739,14342,-0.029,-0.913,-0.305,-1.22,0.366,0.427,484.465
154463,174787,13990,-0.029,-0.913,-0.305,-1.22,0.366,0.427,484.469
154463,174773,14364,-0.031,-0.919,-0.306,0.671,0.488,0.427,484.475
154532,174787,13990,-0.031,-0.919,-0.306,0.671,0.488,0.427,484.478
154532,174835,14374,-0.03,-0.917,-0.295,1.585,0.488,0.427,484.485
154508,174787,13990,-0.03,-0.917,-0.295,1.585,0.488,0.427,484.488
154508,174804,14362,-0.028,-0.919,-0.291,1.829,0.549,0.427,484.494
154508,174787,13990,-0.028,-0.919,-0.291,1.829,0.549,0.427,484.498
154508,174807,14368,-0.027,-0.915,-0.29,1.28,0.427,0.488,484.504
154460,174787,13990,-0.027,-0.915,-0.29,1.28,0.427,0.488,484.508
154460,174761,14361,-0.028,-0.92,-0.297,0.671,0.427,0.366,484.514
154401,174787,13990,-0.028,-0.92,-0.297,0.671,0.427,0.366,484.518
154401,174754,14351,-0.029,-0.913,-0.284,0.671,0.305,0.366,484.524
154459,174787,13990,-0.029,-0.913,-0.284,0.671,0.305,0.366,484.528
154459,174767,14383,-0.032,-0.915,-0.271,-0.305,0.244,0.549,484.534
154495,174787,13990,-0.032,-0.915,-0.271,-0.305,0.244,0.549,484.538
154495,174776,14383,-0.03,-0.917,-0.303,-2.256,0.305,0.549,484.544
154513,174787,13990,-0.03,-0.917,-0.303,-2.256,0.305,0.549,484.548
154513,174781,14375,-0.029,-0.918,-0.29,-2.378,0.305,0.427,484.554
154529,174787,13990,-0.029,-0.918,-0.29,-2.378,0.305,0.427,484.558
154529,174808,14380,-0.033,-0.916,-0.312,-1.463,0.244,0.427,484.564
154543,174787,13990,-0.033,-0.916,-0.312,-1.463,0.244,0.427,484.568
154543,174796,14391,-0.029,-0.919,-0.311,0,0.305,0.366,484.574
154585,175043,13990,-0.029,-0.919,-0.311,0,0.305,0.366,484.577
154585,174862,14389,-0.031,-0.914,-0.299,2.5,0.488,0.244,484.584
154623,174787,13990,-0.031,-0.914,-0.299,2.5,0.488,0.244,484.587
154623,174838,14401,-0.031,-0.915,-0.283,2.866,0.549,0.305,484.594
154615,175043,13990,-0.031,-0.915,-0.283,2.866,0.549,0.305,484.597
154615,174897,14388,-0.031,-0.915,-0.272,1.646,0.427,0.305,484.603
154607,174787,13990,-0.031,-0.915,-0.272,1.646,0.427,0.305,484.607
154607,174841,14385,-0.028,-0.914,-0.279,1.646,0.427,0.305,484.613
154600,174787,13990,-0.027,-0.918,-0.283,-0.976,0.305,0.244,484.617
154600,174844,14384,-0.027,-0.92,-0.284,-0.976,0.305,0.244,484.623
154537,174787,13990,-0.03,-0.916,-0.283,-2.561,0.244,0.366,484.627
154537,174771,14396,-0.026,-0.915,-0.291,-2.561,0.244,0.366,484.633
154477,174787,13990,-0.028,-0.918,-0.302,-3.232,0.122,0.61,484.637
154477,174758,14389,-0.03,-0.92,-0.308,-3.232,0.122,0.61,484.643
154451,174787,13990,-0.03,-0.921,-0.308,-2.683,0.183,0.793,484.647
154451,174731,14371,-0.03,-0.922,-0.308,-2.683,0.183,0.793,484.653
154376,174787,13990,-0.03,-0.92,-0.31,-1.098,0.183,0.793,484.657
154376,174671,14348,-0.03,-0.917,-0.309,-1.098,0.183,0.793,484.663
154336,174787,13990,-0.032,-0.915,-0.301,0.488,0.366,0.732,484.667
154336,174625,14343,-0.032,-0.916,-0.296,0.488,0.366,0.732,484.673
154352,174787,13990,-0.03,-0.912,-0.288,1.524,0.427,0.61,484.676
154352,174667,14353,-0.031,-0.915,-0.282,1.524,0.427,0.61,484.683
154368,174787,13990,-0.033,-0.921,-0.296,0.732,0.427,0.488,484.686
154368,174664,14356,-0.032,-0.919,-0.298,0.732,0.427,0.488,484.693
154396,174787,13990,-0.033,-0.916,-0.288,-0.305,0.427,0.183,484.696
154396,174688,14356,-0.028,-0.916,-0.289,-0.305,0.427,0.183,484.702
154353,174787,13990,-0.027,-0.919,-0.3,-0.427,0.427,0,484.706
154353,174682,14357,-0.027,-0.919,-0.303,-0.427,0.427,0,484.712
154342,174787,13990,-0.03,-0.915,-0.295,-0.244,0.366,0.061,484.716
154342,174631,14360,-0.03,-0.917,-0.291,-0.244,0.366,0.061,484.722
154281,174787,13990,-0.031,-0.916,-0.289,0.61,0.427,0.183,484.726
154281,174618,14324,-0.031,-0.916,-0.29,0.61,0.427,0.183,484.732
154220,174787,13990,-0.028,-0.92,-0.302,0.183,0.427,0.183,484.736
154220,174593,14339,-0.029,-0.922,-0.307,0.183,0.427,0.183,484.742
154206,174531,13990,-0.028,-0.918,-0.299,0.183,0.427,0.183,484.746
154206,174555,14332,-0.026,-0.917,-0.286,0.183,0.427,0.183,484.752
154227,174531,13990,-0.028,-0.918,-0.292,0.976,0.488,0.122,484.756
154227,174583,14342,-0.027,-0.919,-0.298,0.976,0.488,0.122,484.762
154202,174531,13990,-0.03,-0.916,-0.297,0.366,0.488,0.122,484.766
154202,174554,14354,-0.03,-0.918,-0.294,0.366,0.488,0.122,484.772
154216,174531,13990,-0.028,-0.916,-0.284,0.488,0.488,0.122,484.775
154216,174591,14340,-0.029,-0.916,-0.282,0.488,0.488,0.122,484.782
154226,174531,13990,-0.031,-0.918,-0.286,-0.244,0.366,0.183,484.785
154226,174584,14347,-0.029,-0.92,-0.302,-0.244,0.366,0.183,484.792
154219,174531,13990,-0.03,-0.921,-0.304,-1.341,0.305,0.366,484.795
154219,174546,14338,-0.025,-0.918,-0.3,-1.341,0.305,0.366,484.801
154145,174531,13990,-0.029,-0.919,-0.292,-0.549,0.366,0.244,484.805
154145,174497,14330,-0.029,-0.916,-0.296,-0.549,0.366,0.244,484.811
154098,174531,13990,-0.03,-0.917,-0.3,-0.122,0.366,0.427,484.815
154098,174468,14303,-0.029,-0.918,-0.301,-0.122,0.366,0.427,484.821
154033,174531,13990,-0.029,-0.918,-0.303,0.244,0.366,0.549,484.825
154033,174434,14319,-0.028,-0.919,-0.293,0.244,0.366,0.549,484.831
153975,174531,13990,-0.029,-0.915,-0.279,1.28,0.366,0.488,484.835
153975,174375,14284,-0.03,-0.913,-0.283,1.28,0.366,0.488,484.841
153930,174531,13990,-0.032,-0.92,-0.299,0.244,0.366,0.549,484.845
153930,174377,14303,-0.032,-0.924,-0.308,0.244,0.366,0.549,484.851
153978,174531,13990,-0.032,-0.92,-0.297,-0.488,0.488,0.366,484.855
153978,174370,14300,-0.03,-0.915,-0.298,-0.488,0.488,0.366,484.861
153977,174531,13990,-0.028,-0.918,-0.295,0.915,0.427,0.244,484.865
153977,174386,14307,-0.029,-0.914,-0.295,0.915,0.427,0.244,484.871
153985,174531,13990,-0.032,-0.917,-0.293,1.28,0.427,0.366,484.874
153985,174400,14315,-0.03,-0.923,-0.299,1.28,0.427,0.366,484.881
153943,174531,13990,-0.03,-0.92,-0.302,1.341,0.488,0.366,484.884
153943,174376,14304,-0.028,-0.919,-0.295,1.341,0.488,0.366,484.891
153900,174275,13990,-0.027,-0.918,-0.287,2.195,0.61,0.183,484.894
153900,174330,14282,-0.028,-0.918,-0.276,2.195,0.61,0.183,484.9
153835,174275,13990,-0.027,-0.918,-0.276,1.951,0.366,0.427,484.904
153835,174267,14276,-0.028,-0.92,-0.298,1.951,0.366,0.427,484.91
153759,174275,13990,-0.028,-0.92,-0.307,0.122,0.305,0.732,484.914
153759,174219,14268,-0.027,-0.92,-0.296,0.122,0.305,0.732,484.92
153725,174275,13990,-0.027,-0.916,-0.294,0.915,0.244,0.61,484.924
153725,174227,14252,-0.028,-0.919,-0.294,0.915,0.244,0.61,484.93
153706,174275,13990,-0.031,-0.921,-0.296,1.159,0.305,0.793,484.934
153706,174197,14266,-0.033,-0.921,-0.299,1.159,0.305,0.793,484.94
153747,174275,13990,-0.032,-0.921,-0.3,1.098,0.366,0.671,484.944
153747,174243,14261,-0.033,-0.919,-0.301,1.098,0.366,0.671,484.95
153724,174275,13990,-0.031,-0.918,-0.296,2.012,0.488,0.366,484.954
153724,174241,14263,-0.031,-0.916,-0.291,2.012,0.488,0.366,484.96
153760,174275,13990,-0.031,-0.918,-0.287,2.561,0.671,0.244,484.964
153760,174259,14265,-0.031,-0.919,-0.281,2.561,0.671,0.244,484.97
153756,174275,13990,-0.032,-0.918,-0.282,1.89,0.671,0.183,484.973
153756,174229,14284,-0.029,-0.918,-0.29,1.89,0.671,0.183,484.98
153737,174275,13990,-0.029,-0.917,-0.291,1.037,0.61,0.061,484.983
153737,174228,14258,-0.027,-0.918,-0.289,1.037,0.61,0.061,484.99
153714,174275,13990,-0.023,-0.916,-0.289,0.915,0.61,0.061,484.993
153714,174214,14276,-0.028,-0.917,-0.291,0.915,0.61,0.061,484.999
153719,174275,13990,-0.027,-0.918,-0.291,0.976,0.549,0.244,485.003
153719,174212,14262,-0.026,-0.918,-0.287,0.976,0.549,0.244,485.009
153719,174275,13990,-0.026,-0.919,-0.286,0.488,0.366,0.549,485.013
153719,174247,14274,-0.029,-0.926,-0.296,0.488,0.366,0.549,485.019
153736,174275,13990,-0.025,-0.923,-0.297,0,0.244,0.732,485.023
153736,174268,14271,-0.025,-0.919,-0.286,0,0.244,0.732,485.029
153763,174275,13990,-0.029,-0.919,-0.28,0.549,0.244,0.732,485.033
153763,174246,14267,-0.031,-0.916,-0.289,0.549,0.244,0.732,485.039
153753,174275,13990,-0.03,-0.92,-0.298,-0.183,0.305,0.915,485.043
153753,174274,14292,-0.031,-0.922,-0.298,-0.183,0.305,0.915,485.049
153799,174275,13990,-0.032,-0.92,-0.284,-0.305,0.427,0.732,485.053
153799,174284,14278,-0.033,-0.915,-0.277,-0.305,0.427,0.732,485.059
153751,174275,13990,-0.033,-0.915,-0.277,-0.305,0.427,0.732,485.063
153751,174267,14272,-0.032,-0.919,-0.279,0.427,0.366,0.671,485.069
153774,174275,13990,-0.032,-0.919,-0.279,0.427,0.366,0.671,485.072
153774,174240,14270,-0.032,-0.92,-0.293,-0.793,0.427,0.427,485.079
153727,174275,13990,-0.032,-0.92,-0.293,-0.793,0.427,0.427,485.082
153727,174260,14266,-0.028,-0.922,-0.287,-1.585,0.488,0.122,485.089
153766,174275,13990,-0.028,-0.922,-0.287,-1.585,0.488,0.122,485.092
153766,174254,14255,-0.028,-0.921,-0.301,-1.098,0.427,0,485.098
153763,174275,13990,-0.028,-0.921,-0.301,-1.098,0.427,0,485.102
153763,174308,14277,-0.026,-0.922,-0.294,-1.037,0.427,0,485.108
153759,174275,13990,-0.026,-0.922,-0.294,-1.037,0.427,0,485.112
153759,174303,14272,-0.026,-0.912,-0.292,-0.183,0.366,0.183,485.118
153774,174275,13990,-0.026,-0.912,-0.292,-0.183,0.366,0.183,485.122
153774,174312,14295,-0.025,-0.917,-0.289,-0.183,0.305,0.427,485.128
153800,174275,13990,-0.025,-0.917,-0.289,-0.183,0.305,0.427,485.132
153800,174322,14273,-0.028,-0.916,-0.282,-0.305,0.305,0.61,485.138
153813,174275,13990,-0.028,-0.916,-0.282,-0.305,0.305,0.61,485.142
